%YAML:1.0

#--------------------------------------------------------------------------------------------
# Camera Parameters. Adjust them!
#--------------------------------------------------------------------------------------------

# Camera calibration and distortion parameters (OpenCV) 
Camera.fx: 485.49228080041320
Camera.fy: 485.49228080041320
Camera.cx: 390.42654012650524
Camera.cy: 249.47363416812988

Camera.k1: 0.0
Camera.k2: 0.0
Camera.p1: 0.0
Camera.p2: 0.0

Camera.width: 640
Camera.height: 480

# Camera frames per second 
Camera.fps: 20.0

# stereo baseline times fx
Camera.bf: 82.533

# Color order of the images (0: BGR, 1: RGB. It is ignored if images are grayscale)
Camera.RGB: 1

# Close/Far threshold. Baseline times.
ThDepth: 35

#--------------------------------------------------------------------------------------------
# Stereo Rectification. Only if you need to pre-rectify the images.
# Camera.fx, .fy, etc must be the same as in LEFT.P
#--------------------------------------------------------------------------------------------
LEFT.height: 480
LEFT.width: 640
LEFT.D: !!opencv-matrix
   rows: 1
   cols: 5
   dt: d
   data:[8.1014518743990641e-02, -1.3949690989654132e-01, 0., 0., 0.,
       0., 0., -1.1412036753648132e-01]
LEFT.K: !!opencv-matrix
   rows: 3
   cols: 3
   dt: d
   data: [4.8549228080041320e+02, 0., 4.1651475679256225e+02, 0.,
       4.8549228080041320e+02, 2.5276344841845614e+02, 0., 0., 1.]
LEFT.R:  !!opencv-matrix
   rows: 3
   cols: 3
   dt: d
   data: [9.9918321891267370e-01, 5.1224466772125188e-03,
       -4.0083108454149120e-02, -5.0376242639461437e-03,
       9.9998485377648327e-01, 2.2168805562961091e-03,
       4.0093857198868599e-02, -2.0131462104618710e-03,
       9.9919389002197778e-01]
LEFT.P:  !!opencv-matrix
   rows: 3
   cols: 4
   dt: d
   data: [3.0363905539364686e+02, 0., 4.6744182014465332e+02,
       -5.2707605667671362e+02, 0., 3.0363905539364686e+02,
       2.6576011276245117e+02, 0., 0., 0., 1., 0.]

RIGHT.height: 480
RIGHT.width: 640
RIGHT.D: !!opencv-matrix
   rows: 1
   cols: 5
   dt: d
   data:[1.5167498392220169e-01, -8.9587068394760397e-02, 0., 0., 0.,
       0., 0., 1.7333646379369114e-01]
RIGHT.K: !!opencv-matrix
   rows: 3
   cols: 3
   dt: d
   data: [4.8549228080041320e+02, 0., 3.9042654012650524e+02, 0.,
       4.8549228080041320e+02, 2.4947363416812988e+02, 0., 0., 1.]
RIGHT.R:  !!opencv-matrix
   rows: 3
   cols: 3
   dt: d
   data: [9.9974594144689410e-01, 1.5246051699950320e-03,
       -2.2488400110701641e-02, -1.5721777624216548e-03,
       9.9999656353118915e-01, -2.0978996391444876e-03,
       2.2485124361380084e-02, 2.1327224123640779e-03,
       9.9974490280149231e-01]
RIGHT.P:  !!opencv-matrix
   rows: 3
   cols: 4
   dt: d
   data: [3.0363905539364686e+02, 0., 4.6744182014465332e+02, 0., 0.,
       3.0363905539364686e+02, 2.6576011276245117e+02, 0., 0., 0., 1.,
       0.]

#--------------------------------------------------------------------------------------------
# ORB Parameters
#--------------------------------------------------------------------------------------------

# ORB Extractor: Number of features per image
ORBextractor.nFeatures: 1200

# ORB Extractor: Scale factor between levels in the scale pyramid 	
ORBextractor.scaleFactor: 1.2

# ORB Extractor: Number of levels in the scale pyramid	
ORBextractor.nLevels: 8

# ORB Extractor: Fast threshold
# Image is divided in a grid. At each cell FAST are extracted imposing a minimum response.
# Firstly we impose iniThFAST. If no corners are detected we impose a lower value minThFAST
# You can lower these values if your images have low contrast			
ORBextractor.iniThFAST: 20
ORBextractor.minThFAST: 7

#--------------------------------------------------------------------------------------------
# Viewer Parameters
#--------------------------------------------------------------------------------------------
Viewer.KeyFrameSize: 0.05
Viewer.KeyFrameLineWidth: 1
Viewer.GraphLineWidth: 0.9
Viewer.PointSize:2
Viewer.CameraSize: 0.08
Viewer.CameraLineWidth: 3
Viewer.ViewpointX: 0
Viewer.ViewpointY: -0.7
Viewer.ViewpointZ: -1.8
Viewer.ViewpointF: 500

